6.799400037775759076e-01
8.071290170607784420e-01
6.662976136828611118e-01
3.294997913083563823e-01
7.424016323864017775e-01
3.650852197640235275e-01
9.574637769099885176e-01
8.747598964379371678e-01
2.836554737954206651e-01
8.792177174998534461e-01
1.220913068499203669e-01
9.337574880137584632e-01
5.068438047198166319e-02
9.177192320462204123e-01
8.294322598894168230e-01
8.673899269237143050e-01
3.688852294248815555e-01
6.593848231431385098e-01
8.391842530805467826e-01
8.071290170607784420e-01
8.306388665413422245e-01
6.738872397958931559e-01
8.657827585920846447e-01
7.558894766576905733e-01
5.280241503813057902e-01
8.193455358507344410e-01
6.680617590595824273e-01
8.792177174998534461e-01
6.940276703205413567e-01
3.765861892491268459e-01
7.917158435014484130e-01
6.888799993019724122e-01
7.223389340968606742e-01
6.573344169005136406e-01
7.107985978081994283e-01
8.144313612183040618e-01
6.341768100134007602e-01
8.378903240058492852e-01
9.131347589697754730e-01
2.511628313616524055e-01
6.952505286676712304e-01
3.778705869024718278e-01
6.361766642543809080e-01
6.170250302541384624e-01
8.831086405138351136e-02
8.974785814468311251e-01
6.940276703205413567e-01
4.019377284124222571e-01
7.917158435014484130e-01
8.270814236561467858e-01
8.294322598894168230e-01
8.673899269237143050e-01
9.511325585456731346e-01
2.156994690032655593e-01
6.438014008956540746e-01
8.115000806918746257e-01
6.503521361255513167e-01
2.812194303312262056e-01
6.952505286676712304e-01
3.778705869024718278e-01
6.361766642543809080e-01
6.170250302541384624e-01
3.451252878972700389e-01
8.830169453701812721e-01
6.815374958095042901e-01
4.019377284124222571e-01
7.859727340260254103e-01
8.270814236561467858e-01
8.294322598894168230e-01
8.673899269237143050e-01
3.365810569716841671e-01
6.257449810785165045e-01
6.799400037775759076e-01
8.071290170607784420e-01
6.662976136828611118e-01
3.294997913083563823e-01
6.952505286676712304e-01
3.778705869024718278e-01
6.361766642543809080e-01
6.170250302541384624e-01
3.451252878972700389e-01
8.792177174998534461e-01
6.940276703205413567e-01
4.019377284124222571e-01
7.917158435014484130e-01
8.270814236561467858e-01
8.294322598894168230e-01
8.673899269237143050e-01
3.688852294248815555e-01
6.257449810785165045e-01
