0 4
0 14
1 0
2 1
3 2
3 4
4 0
4 3
5 6
6 15
7 8
8 15
9 10
10 15
11 15
12 11
13 5
13 7
14 9
14 13
14 16
15 3
16 17
17 15
18 22
18 32
19 18
20 19
21 20
21 22
22 18
22 21
23 24
24 33
25 26
26 33
27 28
28 33
29 33
30 29
31 23
31 25
32 27
32 31
33 21
34 38
34 48
35 34
36 35
37 36
37 38
38 34
38 37
39 40
40 49
41 42
42 49
43 44
44 49
45 49
46 45
47 39
47 41
48 43
48 50
49 37
50 51
51 49
52 56
52 66
53 52
54 53
55 56
56 52
56 55
57 58
58 67
59 60
60 67
61 62
62 67
63 67
64 63
65 57
65 59
66 61
66 65
67 55
68 72
68 82
69 68
70 69
71 70
71 72
72 68
72 71
73 74
74 83
75 76
76 83
77 78
78 83
79 83
80 79
81 73
81 75
82 77
82 81
82 84
83 71
84 85
86 90
87 86
89 88
89 90
90 86
90 89
91 92
92 101
93 94
94 101
95 96
96 101
98 97
99 91
99 93
100 95
100 99
101 89
102 106
102 116
103 102
104 103
105 104
105 106
106 102
106 105
107 108
108 117
110 117
111 112
112 117
113 117
114 113
115 107
115 109
116 111
116 115
116 118
118 119
119 117
120 124
120 134
121 120
122 121
123 122
123 124
124 120
124 123
125 126
126 135
127 128
128 135
129 130
130 135
131 135
132 131
133 125
133 127
134 129
134 133
135 123
136 140
136 150
137 136
138 137
139 138
139 140
140 136
140 139
141 142
142 151
143 144
144 151
145 146
146 151
147 151
148 147
149 141
149 143
150 145
150 149
150 152
151 139
152 153
153 151
154 158
154 168
155 154
156 155
157 156
157 158
158 154
158 157
160 169
161 162
162 169
164 169
165 169
166 165
167 159
167 161
168 163
168 167
169 157
170 174
170 184
171 170
172 171
173 172
173 174
174 170
174 173
175 176
176 185
177 178
178 185
179 180
180 185
181 185
182 181
183 175
183 177
184 179
184 183
184 186
185 173
187 185
188 192
188 202
189 188
190 189
191 190
191 192
192 188
193 194
194 203
195 196
196 203
197 198
198 203
199 203
200 199
201 193
201 195
202 197
203 191
204 208
206 205
207 206
207 208
208 204
208 207
209 210
210 219
211 212
212 219
213 214
214 219
215 219
216 215
217 209
217 211
218 213
218 217
218 220
219 207
221 219
222 226
222 236
223 222
224 223
225 224
225 226
226 222
226 225
227 228
228 237
229 230
230 237
231 232
232 237
233 237
234 233
235 227
235 229
236 231
236 235
238 242
238 252
239 238
240 239
241 240
241 242
242 238
242 241
243 244
244 253
245 246
246 253
247 248
248 253
249 253
250 249
251 243
251 245
252 247
252 251
252 254
253 241
254 255
255 253
256 260
256 270
257 256
258 257
259 258
259 260
260 256
260 259
261 262
262 271
263 264
264 271
265 266
266 271
267 271
268 267
269 261
269 263
270 265
270 269
271 259
272 276
272 286
273 272
274 273
275 274
275 276
276 272
276 275
277 278
278 287
279 280
280 287
281 282
282 287
283 287
284 283
285 277
285 279
286 281
286 285
286 288
287 275
288 289
289 287
290 294
290 304
291 290
292 291
293 292
293 294
294 290
294 293
295 296
296 305
297 298
298 305
299 300
300 305
301 305
302 301
303 295
303 297
304 299
305 293
306 310
306 320
307 306
308 307
309 308
309 310
310 306
310 309
311 312
312 321
313 314
314 321
315 316
316 321
317 321
318 317
319 311
319 313
320 315
320 319
320 322
321 309
322 323
323 321
324 328
324 338
325 324
326 325
327 326
327 328
328 324
328 327
329 330
330 339
331 332
332 339
333 334
334 339
335 339
336 335
337 329
337 331
338 333
338 337
339 327
340 341
341 342
341 343
341 344
345 346
346 347
346 348
349 350
350 351
350 352
350 353
354 355
355 356
355 357
358 359
359 360
359 361
359 362
363 364
364 365
364 366
367 368
368 369
368 370
368 371
372 373
373 374
373 375
376 377
377 378
377 379
377 380
381 382
382 383
382 384
385 386
386 387
386 388
386 389
390 391
391 392
391 393
394 395
395 397
395 398
399 400
400 402
403 404
404 405
404 406
404 407
408 409
409 410
412 413
413 414
413 415
413 416
417 418
418 419
418 420
421 422
422 424
422 425
427 428
427 429
430 431
431 432
431 433
431 438
434 435
435 431
436 431
437 435
439 440
440 441
443 444
443 445
444 440
445 440
446 444
446 445
447 448
448 449
448 450
448 454
451 452
451 453
452 448
453 448
455 456
456 457
456 458
459 460
459 461
460 456
461 456
462 463
463 464
463 465
463 470
466 467
466 468
467 463
468 463
469 467
469 468
471 472
472 473
472 474
475 476
475 477
476 472
477 472
478 476
478 477
479 480
480 481
480 482
480 486
483 484
483 485
484 480
485 480
487 488
488 489
488 490
491 492
491 493
492 488
493 488
494 495
495 496
495 497
495 502
498 499
498 500
499 495
500 495
501 499
501 500
503 504
504 505
504 506
507 508
507 509
508 504
509 504
510 508
510 509
511 512
512 513
512 514
512 518
515 516
515 517
516 512
517 512
519 520
520 521
520 522
523 524
523 525
524 520
525 520
526 527
527 528
527 529
527 534
530 531
530 532
532 527
533 531
533 532
535 536
536 537
536 538
539 540
539 541
540 536
541 536
542 540
542 541
543 544
544 545
544 550
547 548
547 549
548 544
549 544
551 552
552 553
552 554
555 556
555 557
556 552
557 552
558 559
559 560
559 561
559 566
562 563
562 564
563 559
564 559
565 563
567 568
568 569
568 570
571 572
571 573
572 568
573 568
574 572
574 573
575 576
576 578
576 582
579 580
579 581
580 576
581 576
583 584
584 585
584 586
587 588
587 589
588 584
589 584
590 591
591 592
591 593
591 598
594 595
594 596
595 591
596 591
597 595
597 596
599 600
600 601
600 602
603 604
603 605
604 600
605 600
606 604
606 605
607 608
608 610
608 614
611 612
611 613
612 608
613 608
615 616
616 617
616 618
619 620
619 621
620 616
621 616
622 623
623 624
623 625
623 630
626 627
626 628
627 623
628 623
629 628
631 632
632 633
635 636
635 637
636 632
637 632
638 636
638 637
639 640
640 641
640 642
643 644
643 645
644 640
645 640
647 648
648 649
648 650
651 652
651 653
652 648
653 648
654 655
655 656
655 657
655 662
658 659
658 660
659 655
660 655
661 659
661 660
663 664
664 665
664 666
667 668
667 669
668 664
669 664
670 668
670 669
671 672
672 673
672 674
672 678
675 676
675 677
676 672
677 672
679 680
680 681
680 682
683 684
683 685
684 680
685 680
686 687
687 688
687 689
687 694
690 691
690 692
691 687
692 687
693 691
695 696
696 697
696 698
699 700
699 701
700 696
701 696
702 700
702 701
703 704
704 705
704 706
704 710
707 708
707 709
708 704
709 704
712 713
712 714
715 716
715 717
716 712
717 712
718 719
719 720
719 721
719 726
722 723
723 719
724 719
725 723
725 724
727 728
728 729
728 730
731 732
731 733
732 728
733 728
734 732
734 733
735 736
736 737
736 738
736 742
739 740
739 741
740 736
744 745
747 748
747 749
748 744
749 744
750 751
751 752
751 753
751 755
751 757
754 751
756 751
758 759
759 760
759 763
764 759
765 766
766 767
766 768
766 770
769 766
771 772
772 773
772 774
775 772
776 777
777 778
777 779
777 781
777 783
780 777
782 777
784 785
785 786
785 787
785 789
788 785
790 785
791 792
792 793
792 794
792 796
795 792
797 798
798 799
798 800
801 798
802 803
803 804
803 805
803 809
806 803
808 803
810 811
811 812
811 813
811 815
814 811
816 811
817 818
818 819
818 820
818 822
821 818
823 824
824 825
824 826
827 824
828 829
829 830
829 831
829 833
829 835
832 829
834 829
836 837
837 838
837 839
837 841
840 837
842 837
843 844
844 845
844 846
844 848
847 844
849 850
850 851
850 852
853 850
854 855
855 856
855 857
855 859
855 861
858 855
860 855
862 863
863 864
863 865
863 867
866 863
868 863
869 870
870 871
870 874
875 876
876 877
876 878
879 876
880 881
881 882
881 883
881 885
881 887
884 881
886 881
888 889
889 890
889 891
889 893
892 889
894 889
896 897
896 898
896 900
899 896
901 902
902 903
902 904
905 902
906 907
907 908
907 909
907 913
910 907
912 907
914 915
915 916
915 917
915 919
918 915
920 915
921 922
922 923
922 924
922 926
925 922
927 928
928 929
928 930
931 928
933 934
933 935
933 937
933 939
936 933
938 933
940 941
941 942
941 943
941 945
944 941
946 941
947 948
948 949
948 950
948 952
951 948
953 954
954 955
954 956
957 954
958 959
959 960
959 961
959 963
959 965
962 959
964 959
966 967
967 968
967 969
970 967
972 967
973 974
974 975
974 976
974 978
977 974
979 980
980 981
980 982
983 980
984 985
985 986
985 987
985 991
988 985
990 985
992 993
993 994
993 995
993 997
996 993
998 993
999 1000
1000 1001
1000 1002
1000 1004
1003 1000
1005 1006
1006 1007
1006 1008
1011 1010
1011 1013
1011 1014
1012 1011
1015 1011
1017 1016
1017 1019
1018 1017
1021 1020
1021 1023
1022 1021
1024 1021
1026 1025
1027 1026
1029 1028
1029 1031
1029 1032
1030 1029
1033 1029
1035 1034
1035 1037
1036 1035
1039 1038
1039 1041
1040 1039
1042 1039
1044 1043
1045 1044
1047 1046
1047 1049
1047 1050
1048 1047
1051 1047
1053 1052
1053 1055
1054 1053
1057 1059
1058 1057
1060 1057
1062 1061
1063 1062
1065 1064
1065 1067
1065 1068
1066 1065
1069 1065
1071 1070
1071 1073
1072 1071
1075 1074
1075 1077
1076 1075
1078 1075
1080 1079
1081 1080
1083 1082
1083 1085
1083 1086
1084 1083
1089 1088
1089 1091
1090 1089
1093 1092
1094 1093
1096 1093
1098 1097
1099 1098
1101 1103
1101 1104
1102 1101
1105 1101
1107 1106
1107 1109
1108 1107
1111 1110
1111 1113
1112 1111
1114 1111
1116 1115
1119 1118
1119 1121
1119 1122
1123 1119
1125 1124
1125 1127
1126 1125
1129 1128
1129 1131
1130 1129
1132 1129
1134 1133
1135 1134
1137 1136
1137 1139
1137 1140
1138 1137
1141 1137
1143 1142
1143 1145
1144 1143
1147 1146
1147 1149
1148 1147
1150 1147
1152 1151
1153 1152
1155 1154
1155 1157
1155 1158
1156 1155
1159 1155
1161 1160
1161 1163
1162 1161
1165 1164
1165 1167
1166 1165
1168 1165
1170 1169
1171 1170
1173 1172
1173 1175
1173 1176
1174 1173
1177 1173
1179 1178
1179 1181
1180 1179
1183 1182
1183 1185
1186 1183
1188 1187
1189 1188
1190 1191
1191 1192
1191 1195
1192 1193
1192 1198
1192 1200
1194 1192
1195 1196
1197 1195
1201 1202
1202 1203
1202 1206
1203 1209
1205 1203
1206 1207
1208 1206
1210 1203
1211 1212
1212 1213
1212 1216
1213 1214
1213 1219
1215 1213
1216 1217
1218 1216
1220 1221
1221 1222
1221 1225
1222 1223
1224 1222
1225 1226
1227 1225
1228 1229
1229 1230
1230 1231
1230 1235
1232 1230
1234 1230
1236 1237
1237 1238
1238 1239
1238 1241
1240 1238
1242 1238
1243 1244
1244 1245
1245 1246
1245 1248
1247 1245
1251 1252
1253 1251
1254 1255
1255 1256
1255 1259
1256 1257
1256 1262
1256 1264
1258 1256
1259 1260
1261 1259
1263 1256
1265 1266
1266 1267
1266 1270
1267 1268
1267 1273
1269 1267
1270 1271
1272 1270
1274 1267
1275 1276
1276 1277
1276 1280
1277 1278
1277 1283
1280 1281
1282 1280
1284 1285
1285 1286
1286 1287
1288 1286
1289 1290
1291 1289
1292 1293
1293 1294
1294 1295
1294 1297
1296 1294
1298 1294
1300 1301
1301 1302
1302 1303
1302 1305
1304 1302
1306 1302
1307 1308
1308 1309
1309 1310
1309 1312
1311 1309
1313 1314
1314 1315
1315 1316
1317 1315
1318 1319
1319 1320
1319 1323
1320 1321
1320 1328
1322 1320
1323 1324
1325 1323
1327 1320
1329 1330
1330 1331
1330 1334
1331 1332
1331 1337
1333 1331
1334 1335
1336 1334
1338 1331
1339 1340
1340 1341
1340 1344
1341 1342
1341 1347
1343 1341
1344 1345
1346 1344
1348 1349
1349 1350
1349 1353
1350 1351
1352 1350
1353 1354
1355 1353
1356 1357
1357 1358
1358 1359
1358 1361
1358 1363
1360 1358
1362 1358
1364 1365
1365 1366
1366 1367
1366 1369
1368 1366
1370 1366
1371 1372
1372 1373
1373 1374
1373 1376
1375 1373
1377 1378
1378 1379
1379 1380
1381 1379
1383 1384
1383 1387
1384 1385
1384 1390
1384 1392
1386 1384
1387 1388
1389 1387
1391 1384
1393 1394
1394 1395
1394 1398
1395 1396
1395 1401
1397 1395
1398 1399
1400 1398
1402 1395
1403 1404
1404 1405
1404 1408
1405 1406
1405 1411
1408 1409
1410 1408
1412 1413
1413 1414
1413 1417
1414 1415
1416 1414
1417 1418
1419 1417
1420 1421
1421 1422
1422 1423
1422 1425
1424 1422
1426 1422
1428 1429
1430 1431
1430 1433
1432 1430
1434 1430
1435 1436
1436 1437
1437 1438
1437 1440
1439 1437
1441 1442
1442 1443
1443 1444
1445 1443
1446 1447
1447 1448
1447 1451
1448 1449
1448 1454
1448 1456
1451 1452
1455 1448
1457 1458
1458 1459
1458 1462
1459 1460
1459 1465
1461 1459
1462 1463
1464 1462
1466 1459
1467 1468
1468 1469
1468 1472
1469 1470
1469 1475
1471 1469
1472 1473
1474 1472
1476 1477
1477 1481
1478 1479
1480 1478
1481 1482
1483 1481
1484 1485
1485 1486
1486 1487
1486 1489
1486 1491
1488 1486
1490 1486
1492 1493
1493 1494
1494 1495
1494 1497
1496 1494
1498 1494
1499 1500
1500 1501
1501 1502
1501 1504
1503 1501
1505 1506
1506 1507
1507 1508
1509 1507
1510 1511
1511 1512
1511 1515
1512 1513
1512 1518
1512 1520
1514 1512
1515 1516
1517 1515
1519 1512
1521 1522
1522 1523
1522 1526
1523 1524
1523 1529
1525 1523
1526 1527
1528 1526
1530 1523
1531 1532
1532 1533
1532 1536
1533 1534
1533 1539
1535 1533
1536 1537
1540 1541
1541 1542
1541 1545
1542 1543
1544 1542
1545 1546
1547 1545
1548 1549
1549 1550
1550 1551
1550 1553
1550 1555
1552 1550
1554 1550
1556 1557
1557 1558
1558 1559
1558 1561
1560 1558
1562 1558
1563 1564
1564 1565
1565 1566
1565 1568
1567 1565
1569 1570
1570 1571
1571 1572
1573 1571
1574 1575
1575 1576
1575 1579
1576 1577
1576 1582
1576 1584
1578 1576
1579 1580
1581 1579
1583 1576
1585 1586
1586 1587
1586 1590
1587 1588
1587 1593
1589 1587
1590 1591
1592 1590
1595 1596
1596 1597
1596 1600
1597 1598
1597 1603
1599 1597
1602 1600
1604 1605
1605 1606
1605 1609
1608 1606
1609 1610
1611 1609
1612 1613
1613 1614
1614 1615
1614 1617
1614 1619
1616 1614
1618 1614
1621 1622
1622 1623
1624 1622
1626 1622
1627 1628
1628 1629
1629 1630
1629 1632
1631 1629
1633 1634
1634 1635
1635 1636
1637 1635
1638 1639
1639 1640
1639 1643
1640 1641
1640 1646
1640 1648
1642 1640
1643 1644
1645 1643
1647 1640
1649 1650
1650 1651
1650 1654
1651 1652
1651 1657
1653 1651
1654 1655
1658 1651
1659 1660
1660 1661
1661 1662
1661 1667
1663 1661
1664 1665
1666 1664
1668 1669
1669 1670
1669 1673
1670 1671
1672 1670
1673 1674
1675 1673
1676 1677
1677 1678
1678 1681
1678 1683
1680 1678
1682 1678
1684 1685
1685 1686
1686 1687
1688 1686
1691 1692
1692 1693
1693 1694
1693 1696
1695 1693
1697 1698
1698 1699
1699 1700
1701 1699
1702 1703
1703 1704
1703 1707
1704 1705
1704 1710
1704 1712
1706 1704
1707 1708
1709 1707
1711 1704
1713 1714
1714 1715
1715 1716
1715 1721
1717 1715
1718 1719
1720 1718
1722 1715
1723 1724
1724 1725
1724 1728
1725 1726
1725 1731
1727 1725
1728 1729
1730 1728
1732 1733
1733 1734
1733 1737
1734 1735
1736 1734
1737 1738
1739 1737
1740 1741
1741 1742
1742 1743
1742 1745
1742 1747
1744 1742
1746 1742
1748 1749
1749 1750
1750 1751
1750 1753
1752 1750
1754 1750
1755 1756
1756 1757
1757 1758
1757 1760
1759 1757
1761 1762
1762 1763
1763 1764
1765 1763
1767 1768
1767 1771
1768 1769
1768 1774
1768 1776
1770 1768
1771 1772
1773 1771
1777 1778
1778 1779
1778 1782
1779 1780
1779 1785
1782 1783
1784 1782
1786 1779
1787 1788
1788 1789
1788 1792
1789 1790
1789 1795
1791 1789
1792 1793
1794 1792
1796 1797
1797 1798
1797 1801
1798 1799
1800 1798
1801 1802
1803 1801
1804 1805
1805 1806
1806 1807
1806 1809
1806 1811
1808 1806
1810 1806
1813 1814
1814 1817
1816 1814
1818 1814
1819 1820
1820 1821
1821 1822
1821 1824
1823 1821
1825 1826
1826 1827
1827 1828
1829 1827
1831 1836
1832 1835
1833 1832
1834 1835
1834 1836
1835 1830
1835 1834
1836 1833
1836 1834
1836 1838
1837 1835
1838 1837
1840 1845
1841 1844
1842 1841
1843 1844
1843 1845
1844 1839
1844 1843
1845 1842
1845 1843
1847 1852
1848 1851
1849 1848
1850 1851
1850 1852
1851 1846
1851 1850
1852 1849
1852 1850
1852 1854
1853 1851
1854 1853
1856 1861
1857 1860
1858 1857
1859 1860
1859 1861
1860 1855
1860 1859
1861 1858
1861 1859
1863 1868
1865 1864
1866 1867
1866 1868
1867 1862
1867 1866
1868 1865
1868 1866
1868 1870
1869 1867
1870 1869
1872 1877
1873 1876
1874 1873
1875 1876
1875 1877
1876 1871
1876 1875
1877 1874
1877 1875
1879 1884
1880 1883
1881 1880
1882 1883
1882 1884
1883 1878
1883 1882
1884 1882
1885 1883
1886 1885
1888 1893
1889 1892
1890 1889
1891 1892
1891 1893
1892 1887
1892 1891
1893 1890
1893 1891
1895 1900
1896 1899
1897 1896
1898 1899
1898 1900
1899 1894
1899 1898
1900 1897
1900 1898
1900 1902
1901 1899
1902 1901
1904 1909
1905 1908
1906 1905
1907 1908
1907 1909
1908 1903
1908 1907
1909 1906
1909 1907
1911 1916
1912 1915
1913 1912
1914 1915
1914 1916
1915 1910
1915 1914
1916 1913
1916 1914
1916 1918
1917 1915
1918 1917
1920 1925
1921 1924
1922 1921
1923 1924
1923 1925
1924 1919
1924 1923
1925 1923
1927 1932
1928 1931
1929 1928
1930 1931
1930 1932
1931 1926
1931 1930
1932 1929
1932 1930
1932 1934
1934 1933
1936 1941
1937 1940
1939 1940
1939 1941
1940 1935
1940 1939
1941 1938
1941 1939
1943 1948
1944 1947
1945 1944
1946 1947
1946 1948
1947 1942
1947 1946
1948 1945
1948 1946
1948 1950
1949 1947
1950 1949
1952 1957
1953 1956
1954 1953
1955 1956
1955 1957
1956 1951
1956 1955
1957 1954
1957 1955
1959 1964
1960 1963
1961 1960
1962 1963
1962 1964
1963 1958
1963 1962
1964 1961
1964 1962
1964 1966
1965 1963
1966 1965
1968 1973
1969 1972
1970 1969
1971 1972
1971 1973
1972 1967
1972 1971
1973 1970
1973 1971
1975 1980
1976 1979
1978 1979
1978 1980
1979 1978
1980 1977
1980 1978
1980 1982
1981 1979
1982 1981
1984 1989
1985 1988
1986 1985
1987 1988
1988 1983
1988 1987
1989 1986
1989 1987
1991 1996
1992 1993
1993 1995
1994 1995
1994 1996
1995 1990
1995 1994
1996 1992
1996 1994
1996 1997
1997 1998
1998 1995
2000 2005
2001 2002
2002 2004
2003 2004
2003 2005
2004 1999
2004 2003
2005 2001
2005 2003
2008 2009
2009 2011
2010 2011
2010 2012
2011 2006
2011 2010
2012 2008
2012 2010
2012 2013
2013 2014
2014 2011
2016 2021
2017 2018
2018 2020
2019 2020
2019 2021
2020 2019
2021 2019
2023 2028
2024 2025
2025 2027
2026 2027
2026 2028
2027 2022
2027 2026
2028 2024
2028 2026
2028 2029
2029 2030
2030 2027
2032 2037
2033 2034
2034 2036
2035 2036
2035 2037
2036 2031
2036 2035
2037 2033
2039 2044
2040 2041
2041 2043
2042 2043
2042 2044
2043 2038
2043 2042
2044 2040
2044 2042
2044 2045
2045 2046
2046 2043
2048 2053
2050 2052
2051 2052
2051 2053
2052 2047
2052 2051
2053 2049
2055 2060
2056 2057
2057 2059
2058 2059
2058 2060
2059 2054
2059 2058
2060 2056
2060 2058
2060 2061
2061 2062
2062 2059
2064 2069
2065 2066
2066 2068
2067 2068
2067 2069
2068 2063
2068 2067
2069 2065
2069 2067
2071 2076
2072 2073
2073 2075
2074 2075
2074 2076
2075 2070
2075 2074
2076 2072
2076 2074
2076 2077
2077 2078
2078 2075
2080 2085
2082 2084
2083 2084
2083 2085
2084 2079
2084 2083
2085 2081
2085 2083
2087 2092
2088 2089
2089 2091
2090 2091
2090 2092
2091 2086
2091 2090
2092 2088
2092 2090
2092 2093
2093 2094
2094 2091
2096 2101
2097 2098
2098 2100
2099 2100
2099 2101
2100 2095
2100 2099
2101 2097
2101 2099
2103 2108
2104 2105
2105 2107
2106 2107
2106 2108
2107 2102
2107 2106
2108 2104
2108 2106
2108 2109
2109 2110
2110 2107
2112 2117
2113 2114
2114 2116
2115 2116
2115 2117
2116 2111
2116 2115
2117 2113
2117 2115
2119 2124
2120 2121
2121 2123
2122 2123
2122 2124
2123 2122
2124 2120
2124 2122
2124 2125
2125 2126
2128 2133
2129 2130
2130 2132
2131 2132
2131 2133
2132 2127
2132 2131
2133 2129
2133 2131
2135 2140
2136 2137
2137 2139
2138 2139
2138 2140
2139 2134
2139 2138
2140 2136
2140 2138
2140 2141
2141 2142
2142 2139
2144 2149
2145 2146
2146 2148
2147 2148
2147 2149
2148 2143
2148 2147
2149 2145
2149 2147
2151 2153
2152 2150
2152 2154
2153 2154
2153 2161
2153 2162
2153 2165
2154 2152
2154 2153
2156 2155
2157 2156
2157 2164
2158 2157
2159 2152
2160 2159
2161 2157
2162 2157
2163 2152
2164 2163
2165 2157
2167 2169
2168 2166
2168 2170
2169 2170
2169 2174
2169 2177
2169 2178
2170 2168
2170 2169
2171 2168
2172 2171
2173 2172
2173 2176
2174 2173
2175 2168
2176 2175
2177 2173
2178 2173
2180 2182
2181 2179
2181 2183
2182 2183
2182 2187
2182 2190
2182 2193
2183 2182
2186 2185
2186 2189
2186 2192
2187 2186
2188 2181
2189 2188
2190 2186
2191 2181
2192 2191
2193 2186
2195 2197
2196 2194
2197 2198
2197 2202
2197 2205
2198 2196
2198 2197
2199 2196
2200 2199
2201 2200
2201 2204
2202 2201
2203 2196
2204 2203
2205 2201
2207 2209
2208 2206
2208 2210
2209 2210
2209 2214
2209 2217
2209 2218
2209 2221
2210 2208
2210 2209
2211 2208
2212 2211
2213 2212
2213 2216
2213 2220
2214 2213
2215 2208
2216 2215
2217 2213
2218 2213
2220 2219
2221 2213
2223 2225
2224 2222
2224 2226
2225 2226
2225 2230
2225 2233
2225 2234
2226 2224
2226 2225
2227 2224
2228 2227
2229 2228
2229 2232
2230 2229
2231 2224
2232 2231
2233 2229
2234 2229
2236 2238
2237 2235
2237 2239
2238 2239
2238 2243
2238 2246
2238 2249
2239 2237
2239 2238
2240 2237
2241 2240
2242 2241
2242 2245
2242 2248
2243 2242
2244 2237
2245 2244
2247 2237
2248 2247
2249 2242
2251 2253
2252 2250
2252 2254
2253 2254
2253 2258
2253 2261
2254 2252
2254 2253
2255 2252
2256 2255
2257 2256
2257 2260
2258 2257
2259 2252
2260 2259
2261 2257
2263 2265
2264 2262
2264 2266
2265 2266
2265 2270
2265 2273
2265 2274
2265 2277
2266 2264
2266 2265
2267 2264
2268 2267
2269 2268
2269 2276
2270 2269
2271 2264
2272 2271
2273 2269
2274 2269
2275 2264
2276 2275
2279 2281
2280 2278
2280 2282
2281 2282
2281 2286
2281 2289
2281 2290
2282 2280
2282 2281
2283 2280
2284 2283
2285 2284
2285 2288
2286 2285
2287 2280
2288 2287
2289 2285
2290 2285
2292 2294
2293 2291
2293 2295
2294 2295
2294 2302
2294 2305
2295 2293
2295 2294
2296 2293
2297 2296
2298 2297
2298 2301
2298 2304
2299 2298
2300 2293
2301 2300
2302 2298
2303 2293
2304 2303
2305 2298
2308 2306
2308 2310
2309 2310
2309 2314
2310 2308
2310 2309
2311 2308
2313 2312
2313 2316
2314 2313
2315 2308
2316 2315
2317 2313
2319 2321
2320 2318
2320 2322
2321 2322
2321 2326
2321 2329
2321 2330
2322 2320
2322 2321
2323 2320
2324 2323
2325 2324
2325 2328
2325 2332
2326 2325
2327 2320
2328 2327
2329 2325
2330 2325
2331 2320
2332 2331
2333 2325
2335 2337
2336 2334
2336 2338
2337 2338
2337 2342
2337 2345
2337 2346
2338 2336
2338 2337
2339 2336
2340 2339
2341 2340
2341 2344
2342 2341
2343 2336
2344 2343
2345 2341
2346 2341
2348 2350
2349 2347
2349 2351
2350 2351
2350 2355
2350 2358
2350 2361
2351 2349
2351 2350
2352 2349
2353 2352
2354 2353
2354 2357
2354 2360
2355 2354
2356 2349
2357 2356
2358 2354
2359 2349
2360 2359
2361 2354
2363 2365
2364 2362
2364 2366
2365 2366
2365 2370
2366 2364
2366 2365
2367 2364
2368 2367
2369 2368
2369 2372
2370 2369
2371 2364
2372 2371
2373 2369
2375 2377
2376 2374
2376 2378
2377 2378
2377 2382
2377 2385
2377 2386
2377 2389
2378 2376
2378 2377
2379 2376
2380 2379
2381 2384
2381 2388
2382 2381
2383 2376
2384 2383
2385 2381
2386 2381
2387 2376
2391 2393
2392 2390
2392 2394
2393 2394
2393 2398
2393 2401
2393 2402
2394 2392
2394 2393
2396 2395
2397 2396
2397 2400
2398 2397
2399 2392
2400 2399
2401 2397
2402 2397
2404 2406
2405 2403
2405 2407
2406 2407
2406 2411
2406 2414
2407 2405
2407 2406
2408 2405
2409 2408
2410 2409
2410 2413
2410 2416
2411 2410
2412 2405
2413 2412
2414 2410
2415 2405
2416 2415
2417 2410
2419 2421
2420 2418
2420 2422
2421 2422
2421 2426
2421 2429
2422 2420
2422 2421
2423 2420
2424 2423
2425 2424
2425 2428
2426 2425
2427 2420
2428 2427
2431 2433
2432 2430
2432 2434
2433 2434
2433 2438
2433 2441
2433 2445
2434 2432
2434 2433
2435 2432
2436 2435
2437 2436
2437 2440
2437 2444
2438 2437
2439 2432
2440 2439
2441 2437
2442 2437
2443 2432
2444 2443
2445 2437
2447 2449
2448 2446
2448 2450
2449 2450
2449 2454
2449 2457
2449 2458
2450 2448
2450 2449
2452 2451
2453 2452
2453 2456
2454 2453
2455 2448
2456 2455
2457 2453
2458 2453
2460 2462
2461 2463
2462 2463
2462 2467
2462 2470
2462 2473
2463 2461
2463 2462
2464 2461
2465 2464
2466 2465
2466 2469
2466 2472
2467 2466
2468 2461
2469 2468
2470 2466
2471 2461
2472 2471
2473 2466
2476 2474
2476 2478
2477 2478
2477 2482
2477 2485
2478 2476
2479 2476
2480 2479
2481 2480
2481 2484
2483 2476
2484 2483
2485 2481
2487 2489
2488 2486
2488 2490
2489 2490
2489 2494
2489 2497
2489 2498
2489 2501
2490 2488
2490 2489
2491 2488
2492 2491
2493 2492
2493 2496
2493 2500
2494 2493
2495 2488
2496 2495
2497 2493
2498 2493
2500 2499
2501 2493
2503 2505
2504 2502
2504 2506
2505 2506
2505 2510
2505 2513
2505 2514
2506 2504
2506 2505
2507 2504
2508 2507
2509 2508
2509 2512
2510 2509
2511 2504
2512 2511
2513 2509
2514 2509
2516 2518
2517 2515
2517 2519
2518 2519
2518 2523
2518 2526
2518 2529
2519 2517
2519 2518
2520 2517
2521 2520
2522 2521
2522 2525
2522 2528
2523 2522
2524 2517
2525 2524
2526 2522
2527 2517
2528 2527
2529 2522
2531 2533
2532 2530
2533 2534
2533 2538
2533 2541
2534 2532
2534 2533
2535 2532
2536 2535
2537 2536
2537 2540
2538 2537
2540 2539
2541 2537
2543 2545
2544 2542
2544 2546
2545 2546
2545 2550
2545 2553
2545 2554
2545 2557
2546 2544
2546 2545
2547 2544
2549 2548
2549 2552
2549 2556
2550 2549
2551 2544
2552 2551
2553 2549
2554 2549
2555 2544
2556 2555
2557 2549
2559 2561
2560 2558
2560 2562
2561 2562
2561 2566
2561 2569
2561 2570
2562 2560
2562 2561
2563 2560
2564 2563
2565 2564
2565 2568
2566 2565
2567 2560
2569 2565
2570 2565
2572 2574
2573 2571
2573 2575
2574 2575
2574 2579
2574 2582
2574 2585
2575 2573
2575 2574
2576 2573
2577 2576
2578 2577
2578 2581
2578 2584
2579 2578
2580 2573
2581 2580
2582 2578
2584 2583
2585 2578
2587 2589
2588 2586
2588 2590
2589 2590
2589 2594
2589 2597
2590 2589
2591 2588
2592 2591
2593 2592
2593 2596
2594 2593
2595 2588
2596 2595
2597 2593
2599 2601
2600 2598
2600 2602
2601 2602
2601 2609
2601 2610
2601 2613
2602 2600
2602 2601
2603 2600
2604 2603
2605 2604
2605 2608
2605 2612
2606 2605
2607 2600
2608 2607
2609 2605
2610 2605
2611 2600
2612 2611
2613 2605
2615 2617
2616 2614
2616 2618
2617 2618
2617 2622
2617 2625
2617 2626
2618 2616
2619 2616
2620 2619
2621 2620
2621 2624
2622 2621
2624 2623
2625 2621
2626 2621
2628 2630
2629 2627
2629 2631
2630 2631
2630 2635
2630 2638
2630 2641
2631 2629
2631 2630
2632 2629
2633 2632
2634 2633
2634 2637
2634 2640
2635 2634
2636 2629
2637 2636
2639 2629
2640 2639
2641 2634
2643 2645
2644 2642
2644 2646
2645 2646
2645 2650
2645 2653
2646 2644
2646 2645
2647 2644
2648 2647
2649 2652
2650 2649
2651 2644
2652 2651
2655 2657
2656 2654
2656 2658
2657 2658
2657 2662
2657 2665
2657 2666
2657 2669
2658 2656
2659 2656
2660 2659
2661 2660
2661 2664
2661 2668
2662 2661
2663 2656
2664 2663
2665 2661
2666 2661
2667 2656
2668 2667
2669 2661
2671 2673
2672 2670
2672 2674
2673 2674
2673 2678
2673 2681
2673 2682
2674 2672
2674 2673
2675 2672
2676 2675
2677 2676
2677 2680
2678 2677
2679 2672
2680 2679
2681 2677
2682 2677
2684 2686
2685 2683
2685 2687
2686 2687
2686 2691
2686 2694
2686 2697
2687 2685
2687 2686
2688 2685
2689 2688
2690 2689
2690 2693
2690 2696
2691 2690
2692 2685
2693 2692
2694 2690
2695 2685
2696 2695
2697 2690
2699 2701
2700 2698
2700 2702
2701 2702
2701 2706
2701 2709
2702 2700
2702 2701
2703 2700
2704 2703
2705 2704
2705 2708
2706 2705
2707 2700
2708 2707
2709 2705
2711 2713
2712 2710
2712 2714
2713 2714
2713 2715
2713 2719
2713 2723
2714 2712
2714 2713
2715 2716
2716 2717
2717 2718
2717 2721
2717 2722
2717 2725
2718 2712
2719 2720
2720 2717
2721 2712
2722 2712
2723 2724
2724 2717
2725 2712
2727 2729
2728 2730
2729 2730
2729 2731
2729 2735
2730 2728
2730 2729
2731 2732
2732 2733
2733 2734
2733 2737
2733 2738
2734 2728
2735 2736
2736 2733
2737 2728
2738 2728
2740 2742
2741 2739
2741 2743
2742 2743
2742 2744
2742 2748
2742 2751
2743 2741
2743 2742
2744 2745
2745 2746
2746 2747
2746 2750
2747 2741
2748 2749
2749 2746
2750 2741
2751 2752
2752 2746
2753 2741
2755 2757
2756 2754
2756 2758
2757 2758
2757 2759
2757 2763
2758 2756
2758 2757
2759 2760
2760 2761
2761 2762
2761 2765
2763 2764
2764 2761
2765 2756
2767 2769
2768 2766
2768 2770
2769 2770
2769 2771
2769 2775
2769 2779
2770 2768
2770 2769
2771 2772
2772 2773
2773 2774
2773 2777
2773 2778
2773 2781
2774 2768
2775 2776
2776 2773
2777 2768
2778 2768
2779 2780
2780 2773
2783 2785
2784 2782
2784 2786
2785 2786
2785 2787
2785 2791
2786 2784
2786 2785
2787 2788
2788 2789
2789 2790
2789 2793
2789 2794
2790 2784
2791 2792
2794 2784
2796 2798
2797 2795
2797 2799
2798 2799
2798 2800
2798 2804
2798 2807
2799 2797
2799 2798
2800 2801
2801 2802
2802 2803
2802 2806
2802 2809
2803 2797
2804 2805
2805 2802
2806 2797
2807 2808
2808 2802
2809 2797
2811 2813
2812 2814
2813 2814
2813 2815
2813 2819
2814 2812
2814 2813
2815 2816
2816 2817
2817 2818
2817 2821
2818 2812
2819 2820
2821 2812
2823 2825
2824 2822
2824 2826
2825 2826
2825 2827
2825 2831
2825 2835
2826 2824
2826 2825
2827 2828
2828 2829
2829 2830
2829 2833
2829 2837
2830 2824
2831 2832
2832 2829
2833 2824
2834 2824
2835 2836
2836 2829
2837 2824
2839 2841
2840 2838
2840 2842
2841 2842
2841 2843
2841 2847
2842 2840
2843 2844
2844 2845
2845 2846
2845 2849
2845 2850
2846 2840
2847 2848
2848 2845
2849 2840
2850 2840
2852 2854
2853 2851
2853 2855
2854 2855
2854 2856
2854 2860
2854 2863
2855 2853
2855 2854
2856 2857
2858 2859
2858 2862
2859 2853
2860 2861
2861 2858
2862 2853
2863 2864
2864 2858
2865 2853
2867 2869
2868 2866
2868 2870
2869 2870
2869 2871
2869 2875
2870 2868
2870 2869
2871 2872
2872 2873
2873 2874
2873 2877
2874 2868
2875 2876
2876 2873
2877 2868
2879 2881
2880 2878
2880 2882
2881 2882
2881 2883
2881 2887
2881 2891
2882 2880
2882 2881
2883 2884
2884 2885
2885 2886
2885 2889
2885 2890
2885 2893
2886 2880
2887 2888
2888 2885
2889 2880
2890 2880
2891 2892
2893 2880
2895 2897
2896 2894
2896 2898
2897 2898
2897 2899
2897 2903
2898 2896
2898 2897
2899 2900
2900 2901
2901 2902
2901 2905
2901 2906
2903 2904
2904 2901
2905 2896
2906 2896
2908 2910
2909 2907
2909 2911
2910 2911
2910 2912
2910 2916
2910 2919
2911 2909
2911 2910
2912 2913
2913 2914
2914 2915
2914 2918
2914 2921
2915 2909
2916 2917
2917 2914
2918 2909
2920 2914
2921 2909
2923 2925
2924 2922
2924 2926
2925 2926
2925 2927
2925 2931
2926 2924
2926 2925
2927 2928
2928 2929
2929 2930
2929 2933
2930 2924
2932 2929
2933 2924
2935 2937
2936 2934
2936 2938
2937 2938
2937 2939
2937 2943
2937 2947
2938 2936
2938 2937
2939 2940
2940 2941
2941 2945
2941 2946
2941 2949
2942 2936
2943 2944
2944 2941
2945 2936
2946 2936
2947 2948
2948 2941
2949 2936
2951 2953
2952 2954
2953 2954
2953 2955
2953 2959
2954 2952
2954 2953
2955 2956
2956 2957
2957 2958
2957 2961
2957 2962
2958 2952
2959 2960
2960 2957
2961 2952
2962 2952
2964 2966
2965 2963
2965 2967
2966 2967
2966 2968
2966 2972
2966 2975
2967 2965
2967 2966
2968 2969
2969 2970
2970 2971
2970 2974
2970 2977
2971 2965
2972 2973
2973 2970
2974 2965
2976 2970
2977 2965
2979 2981
2980 2978
2981 2983
2981 2987
2982 2980
2982 2981
2983 2984
2984 2985
2985 2986
2986 2980
2987 2988
2988 2985
2989 2980
2991 2993
2992 2990
2992 2994
2993 2994
2993 2995
2993 2999
2993 3003
2994 2992
2994 2993
2995 2996
2996 2997
2997 2998
2997 3001
2997 3002
2997 3005
2998 2992
2999 3000
3000 2997
3001 2992
3002 2992
3003 3004
3004 2997
3005 2992
3007 3009
3008 3006
3008 3010
3009 3010
3009 3011
3009 3015
3010 3008
3011 3012
3013 3014
3013 3017
3013 3018
3014 3008
3015 3016
3017 3008
3020 3022
3021 3019
3021 3023
3022 3023
3022 3024
3022 3028
3022 3031
3023 3021
3023 3022
3025 3026
3026 3027
3026 3030
3026 3033
3027 3021
3028 3029
3029 3026
3030 3021
3031 3032
3032 3026
3035 3037
3036 3034
3037 3038
3037 3043
3038 3036
3038 3037
3039 3040
3040 3041
3041 3042
3041 3045
3042 3036
3044 3041
3045 3036
3047 3049
3048 3046
3048 3050
3049 3050
3049 3051
3049 3055
3049 3059
3050 3049
3052 3053
3053 3054
3053 3057
3053 3058
3053 3061
3054 3048
3056 3053
3057 3048
3058 3048
3059 3060
3060 3053
3061 3048
3063 3065
3064 3062
3064 3066
3065 3066
3065 3067
3065 3071
3066 3064
3066 3065
3067 3068
3068 3069
3069 3070
3069 3073
3069 3074
3070 3064
3071 3072
3072 3069
3073 3064
3074 3064
3076 3078
3077 3075
3077 3079
3078 3079
3078 3080
3078 3084
3078 3087
3079 3077
3079 3078
3080 3081
3082 3083
3082 3086
3082 3089
3083 3077
3084 3085
3085 3082
3086 3077
3087 3088
3088 3082
3089 3077
3091 3093
3092 3090
3092 3094
3093 3094
3093 3095
3093 3099
3094 3092
3094 3093
3095 3096
3096 3097
3097 3098
3097 3101
3098 3092
3099 3100
3100 3097
3101 3092
3103 3105
3104 3102
3104 3106
3105 3106
3105 3107
3105 3111
3105 3115
3106 3104
3106 3105
3109 3110
3109 3113
3109 3114
3109 3117
3110 3104
3111 3112
3112 3109
3113 3104
3114 3104
3115 3116
3116 3109
3117 3104
3119 3121
3120 3118
3120 3122
3121 3122
3121 3123
3121 3127
3122 3120
3122 3121
3123 3124
3124 3125
3125 3126
3125 3129
3125 3130
3126 3120
3127 3128
3128 3125
3129 3120
3130 3120
3132 3134
3133 3131
3133 3135
3134 3135
3134 3136
3134 3140
3134 3143
3135 3133
3135 3134
3137 3138
3138 3139
3138 3142
3138 3145
3139 3133
3140 3141
3141 3138
3142 3133
3144 3138
3145 3133
3147 3149
3148 3146
3148 3150
3149 3150
3149 3151
3149 3155
3150 3148
3150 3149
3151 3152
3152 3153
3153 3154
3153 3157
3154 3148
3155 3156
3156 3153
3157 3148
3159 3161
3160 3158
3160 3162
3161 3162
3161 3163
3161 3167
3161 3171
3162 3160
3162 3161
3163 3164
3164 3165
3165 3166
3165 3169
3165 3170
3165 3173
3166 3160
3167 3168
3169 3160
3170 3160
3171 3172
3172 3165
3173 3160
3175 3177
3176 3174
3176 3178
3177 3178
3177 3179
3177 3183
3178 3176
3178 3177
3179 3180
3180 3181
3181 3182
3181 3185
3181 3186
3182 3176
3183 3184
3184 3181
3185 3176
3186 3176
3188 3190
3189 3187
3189 3191
3190 3191
3190 3192
3190 3196
3190 3199
3191 3189
3191 3190
3192 3193
3193 3194
3194 3195
3194 3198
3194 3201
3195 3189
3196 3197
3197 3194
3198 3189
3199 3200
3200 3194
3201 3189
3203 3205
3204 3202
3204 3206
3205 3206
3205 3207
3205 3211
3206 3204
3206 3205
3207 3208
3208 3209
3209 3213
3211 3212
3212 3209
3213 3204
3215 3217
3216 3214
3216 3218
3217 3218
3217 3219
3217 3223
3217 3227
3218 3216
3218 3217
3219 3220
3220 3221
3221 3222
3221 3226
3221 3229
3222 3216
3223 3224
3224 3221
3225 3216
3226 3216
3227 3228
3228 3221
3229 3216
3231 3233
3232 3230
3232 3234
3233 3234
3233 3235
3233 3239
3234 3232
3234 3233
3235 3236
3236 3237
3237 3238
3237 3241
3237 3242
3238 3232
3239 3240
3240 3237
3241 3232
3242 3232
3244 3246
3245 3243
3245 3247
3246 3247
3246 3248
3246 3252
3247 3245
3247 3246
3248 3249
3249 3250
3250 3251
3250 3257
3251 3245
3252 3253
3253 3250
3254 3245
3255 3256
3257 3245
3259 3261
3260 3258
3260 3262
3261 3262
3261 3267
3262 3260
3262 3261
3263 3264
3264 3265
3265 3266
3265 3269
3266 3260
3267 3268
3268 3265
3269 3260
3271 3273
3272 3274
3273 3274
3273 3278
3273 3281
3274 3272
3274 3273
3275 3272
3276 3275
3277 3276
3277 3283
3277 3287
3278 3285
3279 3272
3280 3279
3281 3284
3282 3280
3282 3283
3282 3293
3283 3277
3283 3282
3284 3282
3286 3272
3287 3286
3288 3272
3289 3288
3290 3287
3290 3289
3290 3293
3291 3290
3292 3291
3293 3282
3293 3290
3295 3297
3296 3294
3296 3298
3297 3298
3297 3302
3297 3305
3298 3296
3298 3297
3299 3296
3300 3299
3301 3300
3301 3307
3301 3311
3302 3309
3303 3296
3304 3303
3305 3308
3306 3304
3306 3307
3307 3301
3307 3306
3308 3306
3309 3301
3310 3296
3311 3310
3313 3315
3314 3312
3314 3316
3315 3316
3315 3320
3315 3323
3315 3332
3316 3314
3316 3315
3317 3314
3318 3317
3319 3318
3319 3325
3320 3327
3321 3314
3322 3321
3323 3326
3324 3322
3324 3325
3324 3333
3325 3319
3325 3324
3327 3319
3328 3314
3329 3328
3330 3329
3330 3333
3331 3330
3332 3331
3333 3324
3333 3330
3335 3337
3336 3334
3336 3338
3337 3338
3337 3342
3337 3345
3338 3336
3338 3337
3339 3336
3340 3339
3341 3340
3341 3347
3342 3349
3343 3336
3344 3343
3345 3348
3346 3344
3346 3347
3347 3341
3347 3346
3348 3346
3349 3341
3351 3353
3352 3350
3352 3354
3353 3354
3353 3358
3353 3361
3353 3372
3354 3352
3354 3353
3355 3352
3356 3355
3357 3363
3357 3367
3358 3365
3359 3352
3360 3359
3361 3364
3362 3360
3362 3363
3362 3373
3363 3357
3363 3362
3364 3362
3365 3357
3366 3352
3367 3366
3368 3352
3369 3368
3370 3367
3370 3369
3370 3373
3371 3370
3372 3371
3373 3362
3373 3370
3375 3377
3376 3374
3376 3378
3377 3378
3377 3382
3377 3385
3378 3376
3378 3377
3379 3376
3380 3379
3381 3387
3381 3391
3382 3389
3383 3376
3384 3383
3385 3388
3386 3384
3386 3387
3387 3381
3387 3386
3389 3381
3393 3395
3394 3392
3394 3396
3395 3396
3395 3400
3395 3403
3395 3412
3396 3394
3396 3395
3397 3394
3398 3397
3399 3398
3399 3405
3400 3407
3401 3394
3402 3401
3403 3406
3404 3402
3404 3405
3404 3413
3405 3404
3406 3404
3407 3399
3408 3394
3409 3408
3410 3409
3410 3413
3411 3410
3412 3411
3413 3404
3413 3410
3415 3417
3416 3414
3416 3418
3417 3418
3417 3422
3418 3416
3418 3417
3419 3416
3420 3419
3421 3427
3422 3429
3423 3416
3424 3423
3425 3428
3426 3424
3426 3427
3427 3421
3427 3426
3428 3426
3429 3421
3431 3433
3432 3430
3432 3434
3433 3434
3433 3438
3433 3441
3433 3452
3434 3432
3434 3433
3435 3432
3436 3435
3437 3436
3437 3443
3437 3447
3438 3445
3439 3432
3440 3439
3441 3444
3442 3440
3442 3443
3442 3453
3443 3437
3444 3442
3445 3437
3446 3432
3447 3446
3448 3432
3449 3448
3450 3447
3450 3449
3450 3453
3451 3450
3452 3451
3453 3442
3453 3450
3455 3457
3456 3454
3456 3458
3457 3458
3457 3462
3457 3465
3458 3456
3458 3457
3459 3456
3460 3459
3461 3460
3461 3467
3461 3471
3462 3469
3463 3456
3464 3463
3465 3468
3466 3464
3466 3467
3467 3461
3467 3466
3468 3466
3469 3461
3470 3456
3471 3470
3473 3475
3474 3472
3474 3476
3475 3476
3475 3480
3475 3483
3475 3492
3476 3474
3476 3475
3477 3474
3478 3477
3479 3478
3479 3485
3480 3487
3481 3474
3482 3481
3483 3486
3484 3482
3484 3485
3484 3493
3485 3479
3485 3484
3486 3484
3487 3479
3488 3474
3489 3488
3490 3493
3491 3490
3492 3491
3493 3484
3493 3490
3495 3497
3496 3494
3497 3502
3497 3505
3498 3497
3499 3496
3500 3499
3501 3500
3501 3507
3502 3509
3503 3496
3504 3503
3505 3508
3506 3504
3506 3507
3507 3501
3507 3506
3508 3506
3509 3501
3511 3513
3512 3514
3513 3514
3513 3518
3513 3532
3514 3512
3514 3513
3515 3512
3516 3515
3517 3516
3517 3523
3517 3527
3518 3525
3519 3512
3520 3519
3521 3524
3522 3520
3522 3523
3522 3533
3523 3517
3523 3522
3524 3522
3525 3517
3527 3526
3528 3512
3529 3528
3530 3527
3530 3529
3530 3533
3531 3530
3532 3531
3533 3522
3533 3530
3535 3537
3536 3534
3536 3538
3537 3538
3537 3542
3537 3545
3538 3536
3538 3537
3539 3536
3540 3539
3541 3540
3541 3547
3541 3551
3542 3549
3543 3536
3544 3543
3545 3548
3546 3544
3546 3547
3547 3541
3547 3546
3548 3546
3550 3536
3551 3550
3553 3555
3554 3552
3554 3556
3555 3556
3555 3560
3555 3563
3555 3572
3556 3554
3557 3554
3558 3557
3559 3558
3560 3567
3561 3554
3562 3561
3563 3566
3564 3573
3565 3559
3565 3564
3566 3564
3567 3559
3568 3554
3569 3568
3570 3569
3570 3573
3571 3570
3572 3571
3573 3570
3575 3577
3576 3574
3576 3578
3577 3578
3577 3582
3577 3585
3578 3576
3578 3577
3579 3576
3580 3579
3581 3580
3581 3587
3582 3589
3584 3583
3585 3588
3586 3584
3586 3587
3587 3581
3587 3586
3588 3586
3589 3581
3591 3593
3592 3590
3592 3594
3593 3594
3593 3598
3593 3601
3594 3592
3594 3593
3595 3592
3596 3595
3597 3596
3597 3603
3598 3605
3599 3592
3600 3599
3601 3604
3602 3600
3602 3603
3602 3613
3603 3597
3603 3602
3605 3597
3606 3592
3607 3606
3608 3592
3609 3608
3610 3607
3610 3609
3610 3613
3611 3610
3612 3611
3613 3602
3613 3610
3615 3617
3616 3614
3616 3618
3617 3618
3617 3622
3617 3625
3618 3616
3618 3617
3620 3619
3621 3620
3621 3627
3621 3631
3622 3629
3623 3616
3624 3623
3625 3628
3626 3624
3626 3627
3627 3621
3627 3626
3628 3626
3629 3621
3630 3616
3631 3630
3633 3635
3634 3636
3635 3636
3635 3640
3635 3643
3635 3652
3636 3634
3636 3635
3637 3634
3638 3637
3639 3638
3639 3645
3640 3647
3641 3634
3642 3641
3643 3646
3644 3642
3644 3645
3644 3653
3645 3639
3645 3644
3646 3644
3647 3639
3648 3634
3649 3648
3650 3649
3650 3653
3651 3650
3652 3651
3653 3644
3653 3650
3655 3657
3656 3654
3656 3658
3657 3658
3657 3662
3657 3665
3658 3656
3658 3657
3659 3656
3660 3659
3661 3660
3661 3667
3662 3669
3663 3656
3664 3663
3665 3668
3666 3664
3666 3667
3667 3661
3667 3666
3668 3666
3669 3661
3671 3673
3672 3670
3672 3674
3673 3678
3673 3681
3673 3692
3674 3672
3674 3673
3675 3672
3676 3675
3677 3676
3677 3683
3677 3687
3679 3672
3680 3679
3681 3684
3682 3680
3682 3683
3682 3693
3683 3677
3683 3682
3684 3682
3685 3677
3686 3672
3687 3686
3688 3672
3689 3688
3690 3687
3690 3689
3691 3690
3692 3691
3693 3682
3693 3690
3695 3697
3696 3694
3696 3698
3697 3698
3697 3702
3697 3705
3698 3696
3699 3696
3700 3699
3701 3700
3701 3707
3701 3711
3702 3709
3704 3703
3705 3708
3706 3704
3706 3707
3707 3701
3707 3706
3709 3701
3710 3696
3711 3710
3713 3715
3714 3712
3714 3716
3715 3716
3715 3720
3715 3723
3715 3732
3716 3714
3716 3715
3717 3714
3718 3717
3719 3718
3719 3725
3720 3727
3721 3714
3722 3721
3723 3726
3724 3722
3724 3725
3724 3733
3725 3719
3725 3724
3726 3724
3728 3714
3729 3728
3730 3733
3731 3730
3732 3731
3733 3730
3735 3737
3736 3734
3736 3738
3737 3738
3737 3742
3737 3745
3738 3736
3738 3737
3739 3736
3740 3739
3741 3740
3741 3747
3742 3749
3743 3736
3744 3743
3745 3748
3746 3744
3746 3747
3747 3741
3747 3746
3748 3746
3749 3741
3751 3753
3752 3750
3752 3754
3753 3754
3753 3758
3753 3761
3753 3772
3754 3752
3754 3753
3755 3752
3756 3755
3757 3756
3757 3763
3757 3767
3758 3765
3759 3752
3760 3759
3761 3764
3762 3760
3762 3763
3762 3773
3763 3757
3763 3762
3764 3762
3766 3752
3767 3766
3768 3752
3769 3768
3770 3767
3770 3769
3770 3773
3771 3770
3772 3771
3773 3762
3773 3770
3775 3777
3776 3774
3776 3778
3777 3778
3777 3782
3777 3785
3778 3776
3778 3777
3779 3776
3780 3779
3781 3780
3781 3787
3781 3791
3782 3789
3783 3776
3784 3783
3785 3788
3786 3784
3786 3787
3787 3781
3787 3786
3788 3786
3789 3781
3790 3776
3791 3790
3793 3795
3794 3796
3795 3796
3795 3800
3795 3803
3795 3812
3796 3794
3796 3795
3797 3794
3798 3797
3799 3798
3799 3805
3800 3807
3801 3794
3802 3801
3803 3806
3804 3802
3804 3805
3804 3813
3805 3799
3805 3804
3806 3804
3807 3799
3808 3794
3809 3808
3810 3809
3810 3813
3811 3810
3812 3811
3813 3804
3813 3810
3815 3817
3816 3818
3817 3818
3817 3822
3817 3825
3818 3816
3818 3817
3819 3816
3820 3819
3821 3827
3822 3829
3823 3816
3824 3823
3825 3828
3826 3824
3826 3827
3827 3821
3827 3826
3828 3826
3829 3821
3831 3833
3832 3830
3832 3834
3833 3834
3833 3838
3833 3841
3833 3852
3834 3832
3834 3833
3835 3832
3836 3835
3837 3836
3837 3843
3837 3847
3838 3845
3839 3832
3840 3839
3841 3844
3842 3840
3842 3843
3842 3853
3843 3837
3844 3842
3845 3837
3846 3832
3847 3846
3848 3832
3849 3848
3850 3847
3850 3849
3850 3853
3851 3850
3852 3851
3853 3842
3853 3850
3855 3857
3856 3854
3856 3858
3857 3858
3857 3862
3857 3865
3858 3856
3858 3857
3859 3856
3860 3859
3861 3860
3861 3867
3861 3871
3862 3869
3863 3856
3864 3863
3865 3868
3866 3864
3866 3867
3867 3861
3867 3866
3868 3866
3869 3861
3870 3856
3873 3875
3874 3872
3874 3876
3875 3876
3875 3880
3875 3883
3875 3892
3876 3874
3876 3875
3877 3874
3878 3877
3879 3878
3879 3885
3880 3887
3881 3874
3882 3881
3883 3886
3884 3882
3884 3885
3884 3893
3885 3879
3885 3884
3886 3884
3887 3879
3888 3874
3889 3888
3890 3889
3890 3893
3891 3890
3892 3891
3893 3884
3893 3890
3895 3897
3896 3894
3896 3898
3897 3898
3897 3902
3897 3905
3898 3896
3898 3897
3899 3896
3900 3899
3901 3900
3901 3907
3902 3909
3903 3896
3904 3903
3905 3908
3906 3907
3907 3901
3907 3906
3908 3906
3909 3901
3911 3913
3912 3910
3912 3914
3913 3914
3913 3921
3913 3932
3914 3912
3914 3913
3915 3912
3916 3915
3917 3916
3917 3923
3917 3927
3918 3925
3919 3912
3920 3919
3921 3924
3922 3920
3922 3923
3922 3933
3923 3917
3923 3922
3924 3922
3925 3917
3926 3912
3927 3926
3928 3912
3929 3928
3930 3927
3930 3929
3930 3933
3931 3930
3932 3931
3933 3922
3933 3930
3935 3937
3936 3934
3936 3938
3937 3938
3937 3942
3937 3945
3938 3936
3939 3936
3940 3939
3941 3940
3941 3947
3941 3951
3942 3949
3943 3936
3944 3943
3945 3948
3946 3944
3946 3947
3947 3941
3947 3946
3948 3946
3949 3941
3950 3936
3951 3950
3954 3952
3954 3956
3955 3956
3955 3960
3955 3963
3955 3972
3956 3954
3956 3955
3957 3954
3958 3957
3959 3958
3959 3965
3960 3967
3961 3954
3962 3961
3963 3966
3964 3962
3964 3965
3964 3973
3965 3959
3965 3964
3966 3964
3967 3959
3968 3954
3969 3968
3970 3969
3971 3970
3972 3971
3973 3964
3973 3970
3975 3977
3976 3974
3976 3978
3977 3978
3977 3982
3977 3985
3978 3976
3978 3977
3979 3976
3980 3979
3981 3980
3981 3987
3982 3989
3983 3976
3984 3983
3985 3988
3986 3987
3987 3981
3987 3986
3988 3986
3989 3981
3991 3993
3992 3990
3992 3994
3993 3994
3993 3998
3993 4001
3993 4012
3994 3992
3994 3993
3995 3992
3996 3995
3997 3996
3997 4003
3997 4007
3998 4005
3999 3992
4000 3999
4001 4004
4002 4000
4002 4003
4002 4013
4003 3997
4003 4002
4004 4002
4005 3997
4006 3992
4007 4006
4008 3992
4009 4008
4010 4007
4010 4009
4010 4013
4011 4010
4013 4002
4013 4010
4015 4017
4016 4018
4017 4018
4017 4022
4017 4025
4018 4016
4018 4017
4019 4016
4020 4019
4021 4020
4021 4027
4021 4031
4022 4029
4023 4016
4024 4023
4025 4028
4026 4024
4026 4027
4027 4021
4027 4026
4028 4026
4029 4021
4030 4016
4031 4030
4033 4035
4034 4032
4034 4036
4035 4036
4035 4040
4035 4043
4035 4052
4036 4034
4037 4034
4038 4037
4039 4038
4039 4045
4040 4047
4041 4034
4042 4041
4043 4046
4044 4042
4044 4045
4044 4053
4045 4039
4045 4044
4046 4044
4047 4039
4048 4034
4049 4048
4050 4049
4050 4053
4051 4050
4052 4051
4053 4044
4053 4050
4055 4057
4056 4054
4056 4058
4057 4058
4057 4062
4057 4065
4058 4056
4058 4057
4059 4056
4060 4059
4061 4060
4061 4067
4063 4056
4064 4063
4065 4068
4066 4064
4066 4067
4067 4061
4068 4066
4069 4061
4072 4070
4072 4074
4073 4074
4073 4078
4073 4081
4074 4072
4074 4073
4075 4072
4076 4075
4077 4076
4077 4083
4078 4077
4079 4072
4080 4079
4081 4082
4082 4080
4082 4083
4083 4077
4083 4082
4084 4082
4085 4084
4087 4089
4088 4086
4089 4090
4089 4094
4089 4097
4089 4101
4090 4089
4091 4088
4092 4091
4093 4092
4093 4099
4094 4093
4095 4088
4097 4098
4098 4096
4098 4100
4099 4093
4099 4098
4100 4098
4101 4100
4103 4105
4104 4102
4104 4106
4105 4106
4105 4110
4105 4113
4105 4117
4106 4104
4106 4105
4107 4104
4108 4107
4109 4108
4110 4109
4111 4104
4112 4111
4113 4114
4114 4112
4114 4115
4114 4116
4115 4109
4115 4114
4116 4114
4117 4116
4119 4121
4120 4118
4120 4122
4121 4122
4121 4126
4121 4129
4121 4133
4122 4121
4123 4120
4124 4123
4125 4124
4125 4131
4126 4125
4127 4120
4128 4127
4129 4130
4130 4128
4130 4131
4130 4132
4131 4125
4131 4130
4132 4130
4133 4132
4135 4137
4136 4134
4136 4138
4137 4138
4137 4142
4137 4149
4138 4136
4138 4137
4139 4136
4140 4139
4141 4140
4141 4147
4142 4141
4143 4136
4144 4143
4145 4146
4146 4144
4146 4147
4146 4148
4147 4141
4147 4146
4148 4146
4149 4148
4151 4153
4152 4150
4152 4154
4153 4154
4153 4158
4153 4161
4153 4165
4154 4152
4154 4153
4155 4152
4156 4155
4157 4156
4157 4163
4158 4157
4159 4152
4160 4159
4161 4162
4162 4160
4162 4163
4162 4164
4163 4157
4163 4162
4164 4162
4165 4164
4167 4169
4168 4166
4168 4170
4169 4170
4169 4174
4169 4177
4169 4181
4170 4168
4170 4169
4171 4168
4172 4171
4173 4172
4173 4179
4174 4173
4175 4168
4176 4175
4177 4178
4178 4176
4178 4179
4178 4180
4179 4173
4179 4178
4180 4178
4181 4180
4183 4185
4184 4182
4184 4186
4185 4186
4185 4190
4185 4193
4185 4197
4186 4184
4186 4185
4187 4184
4188 4187
4189 4188
4189 4195
4190 4189
4191 4184
4192 4191
4193 4194
4194 4192
4194 4195
4194 4196
4195 4189
4195 4194
4196 4194
4197 4196
4199 4201
4200 4198
4200 4202
4201 4202
4201 4206
4201 4209
4201 4213
4202 4200
4202 4201
4203 4200
4204 4203
4205 4204
4205 4211
4206 4205
4207 4200
4208 4207
4209 4210
4210 4208
4210 4211
4210 4212
4211 4205
4211 4210
4212 4210
4215 4217
4216 4214
4216 4218
4217 4218
4217 4222
4217 4225
4217 4229
4218 4216
4218 4217
4219 4216
4220 4219
4221 4220
4221 4227
4222 4221
4223 4216
4224 4223
4225 4226
4226 4224
4226 4227
4226 4228
4227 4221
4227 4226
4228 4226
4229 4228
4231 4233
4232 4230
4232 4234
4233 4234
4233 4238
4233 4241
4233 4249
4233 4255
4233 4259
4234 4232
4235 4232
4236 4235
4237 4236
4237 4243
4238 4245
4239 4232
4240 4239
4241 4244
4242 4240
4242 4243
4243 4237
4243 4242
4244 4242
4245 4237
4246 4232
4247 4246
4248 4251
4249 4248
4250 4242
4250 4251
4251 4247
4251 4250
4251 4256
4252 4232
4253 4252
4254 4257
4255 4254
4256 4251
4256 4257
4257 4253
4257 4256
4258 4257
4259 4258
4261 4263
4262 4260
4262 4264
4263 4264
4263 4268
4263 4271
4263 4279
4263 4285
4263 4289
4264 4262
4264 4263
4265 4262
4266 4265
4267 4266
4267 4273
4268 4275
4269 4262
4270 4269
4272 4270
4272 4273
4273 4267
4273 4272
4274 4272
4275 4267
4276 4262
4277 4276
4278 4281
4279 4278
4280 4272
4280 4281
4281 4277
4281 4280
4281 4286
4282 4262
4283 4282
4284 4287
4285 4284
4286 4281
4286 4287
4287 4283
4287 4286
4288 4287
4289 4288
4291 4293
4292 4290
4292 4294
4293 4294
4293 4298
4293 4301
4293 4309
4293 4315
4293 4319
4294 4292
4294 4293
4295 4292
4296 4295
4297 4296
4297 4303
4298 4305
4299 4292
4300 4299
4302 4300
4302 4303
4303 4297
4303 4302
4304 4302
4305 4297
4306 4292
4307 4306
4308 4311
4309 4308
4310 4302
4310 4311
4311 4307
4311 4310
4311 4316
4312 4292
4313 4312
4314 4317
4315 4314
4316 4311
4316 4317
4317 4316
4318 4317
4319 4318
4321 4323
4322 4320
4322 4324
4323 4324
4323 4328
4323 4331
4323 4339
4323 4345
4323 4349
4324 4322
4324 4323
4325 4322
4326 4325
4327 4326
4327 4333
4328 4335
4329 4322
4330 4329
4331 4334
4332 4330
4332 4333
4333 4327
4333 4332
4334 4332
4336 4322
4337 4336
4338 4341
4339 4338
4340 4332
4340 4341
4341 4337
4341 4340
4341 4346
4342 4322
4343 4342
4344 4347
4345 4344
4346 4341
4346 4347
4347 4343
4347 4346
4348 4347
4349 4348
4351 4353
4352 4350
4352 4354
4353 4354
4353 4358
4353 4361
4353 4369
4353 4375
4353 4379
4354 4352
4354 4353
4355 4352
4356 4355
4357 4356
4357 4363
4358 4365
4359 4352
4360 4359
4361 4364
4362 4360
4362 4363
4363 4357
4363 4362
4364 4362
4365 4357
4366 4352
4367 4366
4368 4371
4369 4368
4370 4362
4370 4371
4371 4367
4371 4370
4371 4376
4372 4352
4373 4372
4374 4377
4375 4374
4376 4377
4377 4376
4378 4377
4379 4378
4381 4383
4382 4380
4382 4384
4383 4384
4383 4388
4383 4391
4383 4399
4383 4405
4383 4409
4384 4382
4384 4383
4385 4382
4386 4385
4387 4393
4388 4395
4389 4382
4390 4389
4391 4394
4392 4390
4392 4393
4393 4387
4393 4392
4394 4392
4395 4387
4396 4382
4398 4401
4399 4398
4400 4392
4400 4401
4401 4397
4401 4400
4401 4406
4402 4382
4403 4402
4404 4407
4405 4404
4406 4401
4406 4407
4407 4403
4407 4406
4408 4407
4409 4408
4411 4413
4412 4410
4412 4414
4413 4414
4413 4418
4413 4421
4413 4429
4413 4435
4413 4439
4414 4412
4414 4413
4415 4412
4416 4415
4417 4416
4417 4423
4418 4425
4419 4412
4420 4419
4421 4424
4422 4420
4423 4417
4423 4422
4424 4422
4425 4417
4426 4412
4428 4431
4429 4428
4430 4422
4430 4431
4431 4427
4431 4430
4431 4436
4432 4412
4433 4432
4434 4437
4435 4434
4436 4431
4436 4437
4437 4433
4437 4436
4438 4437
4439 4438
4442 4440
4442 4444
4443 4444
4443 4448
4443 4451
4443 4459
4443 4465
4443 4469
4444 4442
4444 4443
4445 4442
4446 4445
4447 4446
4447 4453
4448 4455
4449 4442
4450 4449
4451 4454
4452 4450
4452 4453
4453 4447
4453 4452
4454 4452
4455 4447
4456 4442
4458 4461
4459 4458
4460 4452
4460 4461
4461 4457
4461 4460
4461 4466
4462 4442
4463 4462
4464 4467
4465 4464
4466 4461
4466 4467
4467 4463
4467 4466
4468 4467
4469 4468
4471 4473
4472 4470
4472 4474
4473 4474
4473 4478
4473 4481
4473 4495
4473 4499
4474 4472
4474 4473
4475 4472
4476 4475
4477 4476
4477 4483
4478 4485
4479 4472
4480 4479
4481 4484
4482 4480
4482 4483
4483 4477
4483 4482
4484 4482
4485 4477
4486 4472
4487 4486
4488 4491
4489 4488
4490 4491
4491 4487
4491 4490
4491 4496
4492 4472
4493 4492
4494 4497
4495 4494
4496 4491
4496 4497
4497 4493
4497 4496
4498 4497
4499 4498
4501 4503
4502 4504
4503 4504
4503 4508
4503 4511
4503 4519
4503 4529
4504 4502
4504 4503
4505 4502
4506 4505
4507 4506
4507 4513
4508 4515
4509 4502
4510 4509
4511 4514
4512 4510
4512 4513
4513 4507
4513 4512
4514 4512
4515 4507
4516 4502
4517 4516
4518 4521
4520 4512
4520 4521
4521 4517
4521 4520
4521 4526
4522 4502
4523 4522
4524 4527
4525 4524
4526 4521
4526 4527
4527 4523
4527 4526
4528 4527
4529 4528
4531 4533
4532 4530
4532 4534
4533 4534
4533 4538
4533 4541
4533 4549
4533 4555
4533 4561
4533 4565
4534 4532
4534 4533
4535 4532
4536 4535
4537 4536
4537 4543
4538 4545
4539 4532
4540 4539
4541 4544
4542 4540
4542 4543
4543 4537
4543 4542
4544 4542
4545 4537
4546 4532
4547 4546
4548 4551
4549 4548
4550 4542
4550 4551
4551 4547
4551 4550
4551 4556
4552 4532
4553 4552
4554 4557
4555 4554
4556 4551
4556 4557
4557 4553
4557 4556
4557 4562
4558 4532
4559 4558
4560 4563
4561 4560
4562 4563
4563 4559
4563 4562
4564 4563
4565 4564
4567 4569
4568 4566
4568 4570
4569 4570
4569 4574
4569 4577
4569 4585
4569 4591
4569 4597
4569 4601
4570 4568
4570 4569
4571 4568
4572 4571
4573 4572
4573 4579
4574 4581
4575 4568
4576 4575
4577 4580
4578 4576
4578 4579
4579 4573
4579 4578
4580 4578
4581 4573
4582 4568
4583 4582
4584 4587
4585 4584
4586 4578
4586 4587
4587 4583
4587 4592
4588 4568
4589 4588
4590 4593
4591 4590
4592 4587
4592 4593
4593 4589
4593 4592
4593 4598
4594 4568
4595 4594
4596 4599
4597 4596
4598 4593
4598 4599
4599 4595
4599 4598
4600 4599
4601 4600
4603 4605
4604 4602
4604 4606
4605 4606
4605 4610
4605 4613
4605 4621
4605 4627
4605 4633
4605 4637
4606 4604
4606 4605
4607 4604
4608 4607
4609 4615
4610 4617
4611 4604
4612 4611
4613 4616
4614 4612
4614 4615
4615 4609
4615 4614
4616 4614
4617 4609
4618 4604
4619 4618
4620 4623
4621 4620
4622 4614
4622 4623
4623 4619
4623 4622
4623 4628
4624 4604
4625 4624
4626 4629
4627 4626
4628 4623
4628 4629
4629 4625
4629 4628
4629 4634
4630 4604
4631 4630
4632 4635
4633 4632
4634 4629
4634 4635
4635 4631
4635 4634
4636 4635
4637 4636
4639 4641
4640 4638
4640 4642
4641 4642
4641 4646
4641 4649
4641 4657
4641 4663
4641 4669
4641 4673
4642 4640
4642 4641
4643 4640
4644 4643
4645 4644
4645 4651
4646 4653
4647 4640
4648 4647
4649 4652
4650 4648
4650 4651
4651 4645
4651 4650
4652 4650
4653 4645
4654 4640
4656 4659
4657 4656
4658 4650
4658 4659
4659 4655
4659 4658
4659 4664
4660 4640
4661 4660
4662 4665
4663 4662
4664 4659
4664 4665
4665 4661
4665 4664
4666 4640
4667 4666
4668 4671
4669 4668
4670 4665
4670 4671
4671 4667
4671 4670
4672 4671
4673 4672
4675 4677
4676 4678
4677 4678
4677 4682
4677 4685
4677 4693
4677 4699
4677 4705
4677 4709
4678 4676
4678 4677
4679 4676
4680 4679
4681 4680
4681 4687
4682 4689
4684 4683
4685 4688
4686 4684
4687 4681
4687 4686
4688 4686
4689 4681
4690 4676
4691 4690
4692 4695
4693 4692
4694 4686
4694 4695
4695 4691
4695 4694
4695 4700
4696 4676
4697 4696
4698 4701
4699 4698
4700 4695
4700 4701
4701 4697
4701 4700
4701 4706
4702 4676
4703 4702
4704 4707
4705 4704
4706 4701
4706 4707
4707 4703
4707 4706
4708 4707
4709 4708
4711 4713
4712 4710
4712 4714
4713 4714
4713 4718
4713 4721
4713 4729
4713 4741
4713 4745
4714 4712
4714 4713
4715 4712
4716 4715
4717 4716
4717 4723
4718 4725
4719 4712
4720 4719
4721 4724
4722 4720
4722 4723
4723 4717
4723 4722
4724 4722
4725 4717
4726 4712
4727 4726
4728 4731
4729 4728
4730 4722
4730 4731
4731 4727
4731 4730
4731 4736
4732 4712
4733 4732
4734 4737
4735 4734
4736 4731
4736 4737
4737 4733
4737 4736
4737 4742
4738 4712
4739 4738
4740 4743
4741 4740
4742 4737
4742 4743
4743 4739
4743 4742
4744 4743
4745 4744
4747 4749
4748 4746
4748 4750
4749 4750
4749 4754
4749 4757
4749 4765
4749 4771
4749 4777
4750 4748
4750 4749
4751 4748
4752 4751
4753 4759
4754 4761
4755 4748
4756 4755
4757 4760
4758 4756
4758 4759
4759 4753
4759 4758
4760 4758
4761 4753
4762 4748
4763 4762
4764 4767
4765 4764
4766 4758
4766 4767
4767 4763
4767 4766
4767 4772
4768 4748
4769 4768
4770 4773
4771 4770
4772 4767
4772 4773
4773 4769
4773 4772
4773 4778
4774 4748
4775 4774
4777 4776
4778 4773
4778 4779
4779 4775
4779 4778
4780 4779
4781 4780
4783 4785
4784 4786
4785 4786
4785 4790
4785 4793
4785 4801
4785 4807
4785 4813
4785 4817
4786 4784
4786 4785
4787 4784
4788 4787
4789 4788
4790 4797
4791 4784
4792 4791
4793 4796
4794 4792
4794 4795
4795 4789
4795 4794
4796 4794
4797 4789
4798 4784
4799 4798
4800 4803
4801 4800
4802 4794
4802 4803
4803 4799
4803 4802
4803 4808
4804 4784
4805 4804
4806 4809
4807 4806
4808 4803
4808 4809
4809 4805
4809 4808
4809 4814
4810 4784
4811 4810
4812 4815
4813 4812
4814 4809
4814 4815
4815 4811
4815 4814
4817 4816
4819 4821
4820 4818
4820 4822
4821 4822
4821 4826
4821 4829
4821 4837
4821 4843
4821 4849
4822 4820
4822 4821
4823 4820
4824 4823
4825 4824
4825 4831
4826 4833
4827 4820
4828 4827
4829 4832
4830 4828
4830 4831
4831 4825
4831 4830
4832 4830
4833 4825
4834 4820
4835 4834
4836 4839
4837 4836
4838 4830
4838 4839
4839 4835
4839 4838
4839 4844
4840 4820
4841 4840
4842 4845
4843 4842
4844 4839
4844 4845
4845 4841
4845 4844
4845 4850
4846 4820
4847 4846
4848 4851
4849 4848
4850 4845
4850 4851
4851 4847
4851 4850
4852 4851
4853 4852
4855 4857
4856 4854
4856 4858
4857 4858
4857 4862
4857 4865
4857 4873
4857 4879
4857 4889
4858 4856
4858 4857
4859 4856
4860 4859
4861 4860
4861 4867
4862 4869
4863 4856
4864 4863
4865 4868
4866 4864
4866 4867
4867 4861
4867 4866
4868 4866
4869 4861
4870 4856
4871 4870
4872 4875
4873 4872
4874 4866
4874 4875
4875 4871
4875 4874
4875 4880
4876 4856
4878 4881
4879 4878
4880 4875
4880 4881
4881 4877
4881 4880
4881 4886
4882 4856
4883 4882
4884 4887
4885 4884
4886 4881
4886 4887
4887 4883
4887 4886
4888 4887
4889 4888
4891 4900
4892 4899
4892 4900
4893 4895
4893 4899
4894 4893
4894 4896
4894 4901
4895 4896
4895 4898
4896 4894
4896 4895
4897 4894
4898 4897
4899 4890
4899 4892
4900 4892
4900 4893
4900 4901
4901 4895
4901 4899
4903 4912
4904 4911
4904 4912
4905 4911
4906 4905
4906 4908
4907 4908
4907 4910
4908 4906
4908 4907
4910 4909
4911 4902
4911 4904
4912 4904
4912 4905
4914 4923
4915 4922
4915 4923
4916 4922
4917 4916
4917 4919
4918 4919
4918 4921
4919 4917
4919 4918
4920 4917
4921 4920
4922 4913
4922 4915
4923 4915
4923 4916
4923 4924
4924 4918
4924 4922
4926 4935
4927 4934
4927 4935
4928 4930
4928 4934
4929 4928
4929 4931
4930 4931
4930 4933
4931 4929
4931 4930
4932 4929
4933 4932
4934 4925
4934 4927
4935 4927
4935 4928
4937 4946
4938 4945
4938 4946
4939 4941
4939 4945
4940 4939
4940 4942
4940 4947
4941 4942
4941 4944
4942 4940
4942 4941
4943 4940
4944 4943
4945 4936
4945 4938
4946 4938
4946 4939
4946 4947
4947 4941
4947 4945
4949 4958
4950 4957
4950 4958
4951 4953
4951 4957
4952 4951
4953 4954
4953 4956
4954 4952
4954 4953
4955 4952
4956 4955
4957 4948
4958 4950
4958 4951
4960 4969
4961 4968
4961 4969
4962 4964
4962 4968
4963 4962
4963 4965
4963 4970
4964 4965
4964 4967
4965 4963
4965 4964
4966 4963
4967 4966
4968 4959
4968 4961
4969 4961
4969 4962
4969 4970
4970 4964
4970 4968
4972 4981
4973 4980
4973 4981
4974 4976
4974 4980
4975 4974
4976 4977
4977 4975
4977 4976
4978 4975
4979 4978
4980 4971
4980 4973
4981 4974
4983 4992
4984 4991
4984 4992
4985 4987
4985 4991
4986 4985
4986 4988
4986 4993
4987 4988
4987 4990
4988 4986
4988 4987
4989 4986
4990 4989
4991 4982
4991 4984
4992 4985
4992 4993
4993 4987
4993 4991
4995 5004
4996 5003
4996 5004
4997 4999
4997 5003
4998 4997
4998 5000
4999 5000
4999 5002
5000 4998
5000 4999
5001 4998
5003 4994
5003 4996
5004 4996
5004 4997
5006 5015
5007 5014
5008 5010
5008 5014
5009 5016
5010 5011
5010 5013
5011 5009
5011 5010
5012 5009
5013 5012
5014 5005
5014 5007
5015 5007
5015 5008
5015 5016
5016 5010
5016 5014
5018 5027
5019 5026
5019 5027
5020 5022
5020 5026
5021 5020
5021 5023
5022 5023
5022 5025
5023 5021
5023 5022
5024 5021
5025 5024
5026 5017
5026 5019
5027 5019
5027 5020
5029 5038
5030 5037
5030 5038
5031 5033
5032 5031
5032 5034
5032 5039
5033 5034
5033 5036
5034 5032
5034 5033
5035 5032
5036 5035
5037 5028
5037 5030
5038 5030
5038 5031
5038 5039
5039 5033
5039 5037
5041 5050
5042 5049
5042 5050
5043 5045
5043 5049
5044 5043
5044 5046
5045 5046
5045 5048
5046 5044
5046 5045
5047 5044
5048 5047
5049 5040
5049 5042
5050 5042
5050 5043
5052 5061
5053 5060
5053 5061
5054 5056
5054 5060
5055 5054
5055 5057
5055 5062
5056 5057
5056 5059
5057 5055
5057 5056
5058 5055
5060 5051
5060 5053
5061 5053
5061 5054
5061 5062
5062 5056
5062 5060
5064 5073
5065 5072
5065 5073
5066 5068
5066 5072
5067 5066
5067 5069
5068 5069
5068 5071
5069 5067
5069 5068
5070 5067
5071 5070
5072 5063
5073 5065
5073 5066
5075 5084
5076 5083
5076 5084
5077 5079
5077 5083
5078 5077
5078 5080
5078 5085
5079 5080
5079 5082
5080 5078
5080 5079
5081 5078
5082 5081
5083 5074
5083 5076
5084 5077
5084 5085
5085 5079
5085 5083
5087 5096
5088 5095
5088 5096
5089 5091
5089 5095
5090 5089
5090 5092
5091 5092
5091 5094
5092 5090
5092 5091
5093 5090
5094 5093
5095 5086
5095 5088
5096 5088
5096 5089
5098 5107
5099 5106
5099 5107
5100 5102
5100 5106
5101 5100
5101 5103
5101 5108
5102 5103
5102 5105
5103 5101
5103 5102
5104 5101
5105 5104
5106 5097
5106 5099
5107 5099
5107 5100
5107 5108
5108 5102
5110 5119
5111 5118
5111 5119
5112 5114
5112 5118
5113 5112
5113 5115
5114 5115
5114 5117
5115 5113
5115 5114
5116 5113
5117 5116
5118 5109
5118 5111
5119 5111
5119 5112
5121 5131
5122 5130
5122 5131
5123 5124
5123 5130
5124 5123
5124 5132
5125 5124
5126 5127
5126 5129
5127 5125
5127 5126
5128 5125
5129 5128
5130 5120
5130 5122
5131 5122
5131 5132
5132 5124
5132 5126
5134 5144
5135 5143
5135 5144
5136 5137
5136 5143
5137 5136
5137 5145
5138 5137
5138 5140
5139 5140
5139 5142
5140 5138
5140 5139
5141 5138
5143 5133
5143 5135
5144 5135
5144 5145
5145 5137
5145 5139
5147 5157
5148 5156
5148 5157
5149 5150
5149 5156
5150 5158
5151 5150
5151 5153
5152 5153
5153 5151
5153 5152
5154 5151
5155 5154
5156 5146
5156 5148
5157 5148
5157 5158
5158 5150
5158 5152
5160 5170
5161 5170
5162 5163
5162 5169
5163 5162
5163 5171
5164 5163
5164 5166
5165 5166
5165 5168
5166 5164
5166 5165
5167 5164
5168 5167
5169 5159
5169 5161
5170 5161
5170 5171
5171 5163
5171 5165
5173 5183
5174 5182
5175 5176
5175 5182
5176 5184
5177 5176
5177 5179
5178 5179
5178 5181
5179 5177
5179 5178
5180 5177
5181 5180
5182 5172
5182 5174
5183 5174
5183 5184
5184 5176
5184 5178
5186 5196
5187 5195
5187 5196
5188 5189
5188 5195
5189 5188
5189 5197
5190 5189
5190 5192
5191 5192
5191 5194
5192 5190
5192 5191
5193 5190
5194 5193
5195 5187
5196 5187
5196 5197
5197 5189
5197 5191
5199 5209
5200 5208
5200 5209
5201 5202
5201 5208
5202 5201
5202 5210
5203 5202
5203 5205
5204 5205
5204 5207
5205 5203
5205 5204
5206 5203
5207 5206
5208 5198
5208 5200
5209 5200
5209 5210
5210 5202
5210 5204
5212 5222
5213 5221
5213 5222
5214 5215
5214 5221
5215 5214
5215 5223
5216 5215
5216 5218
5217 5218
5217 5220
5218 5216
5218 5217
5219 5216
5220 5219
5221 5211
5221 5213
5222 5213
5222 5223
5223 5215
5223 5217
5225 5235
5226 5234
5226 5235
5227 5228
5227 5234
5228 5227
5228 5236
5229 5228
5229 5231
5230 5231
5231 5229
5231 5230
5232 5229
5233 5232
5234 5224
5234 5226
5235 5226
5235 5236
5236 5228
5236 5230
5238 5248
5239 5247
5239 5248
5240 5241
5240 5247
5241 5240
5241 5249
5242 5241
5242 5244
5243 5244
5243 5246
5244 5242
5244 5243
5246 5245
5247 5237
5247 5239
5248 5239
5248 5249
5249 5241
5249 5243
5251 5261
5252 5260
5252 5261
5253 5260
5254 5253
5254 5256
5255 5254
5255 5257
5255 5262
5256 5257
5256 5259
5257 5255
5257 5256
5258 5255
5259 5258
5260 5250
5260 5252
5261 5252
5261 5254
5261 5262
5262 5253
5264 5274
5265 5273
5265 5274
5267 5266
5267 5269
5268 5267
5268 5270
5269 5270
5269 5272
5270 5268
5270 5269
5271 5268
5272 5271
5273 5263
5273 5265
5274 5265
5276 5286
5277 5285
5277 5286
5278 5285
5279 5278
5279 5281
5280 5279
5280 5282
5280 5287
5281 5282
5281 5284
5282 5280
5282 5281
5283 5280
5284 5283
5285 5275
5285 5277
5286 5277
5286 5279
5286 5287
5287 5278
5287 5281
5289 5299
5290 5298
5290 5299
5291 5298
5292 5291
5292 5294
5293 5292
5293 5295
5294 5295
5295 5293
5295 5294
5296 5293
5297 5296
5298 5288
5298 5290
5299 5290
5299 5292
5301 5311
5302 5310
5302 5311
5303 5310
5304 5303
5304 5306
5305 5304
5305 5307
5305 5312
5306 5307
5306 5309
5307 5305
5307 5306
5308 5305
5310 5300
5310 5302
5311 5302
5311 5304
5311 5312
5312 5303
5312 5306
5314 5324
5315 5323
5315 5324
5316 5323
5317 5316
5317 5319
5318 5317
5318 5320
5319 5320
5319 5322
5320 5318
5320 5319
5321 5318
5322 5321
5323 5313
5323 5315
5324 5315
5324 5317
5326 5336
5327 5335
5327 5336
5328 5335
5329 5328
5329 5331
5330 5329
5330 5332
5330 5337
5331 5332
5331 5334
5332 5330
5332 5331
5334 5333
5335 5327
5336 5327
5336 5329
5336 5337
5337 5328
5337 5331
5339 5349
5340 5348
5340 5349
5341 5348
5342 5341
5342 5344
5343 5342
5343 5345
5344 5345
5344 5347
5345 5343
5345 5344
5346 5343
5347 5346
5348 5338
5349 5340
5349 5342
5351 5361
5352 5360
5352 5361
5353 5360
5354 5353
5354 5356
5355 5354
5355 5357
5355 5362
5356 5357
5356 5359
5357 5355
5358 5355
5359 5358
5360 5350
5360 5352
5361 5352
5361 5354
5361 5362
5362 5353
5362 5356
5365 5373
5365 5374
5366 5373
5367 5366
5367 5369
5368 5367
5368 5370
5369 5370
5369 5372
5370 5368
5370 5369
5371 5368
5372 5371
5373 5363
5373 5365
5374 5365
5374 5367
5376 5386
5377 5385
5377 5386
5378 5385
5379 5381
5380 5379
5380 5382
5381 5382
5381 5384
5382 5380
5382 5381
5383 5380
5384 5383
5385 5375
5385 5377
5386 5377
5386 5379
5386 5387
5387 5378
5387 5381
5389 5399
5390 5398
5390 5399
5391 5398
5392 5391
5392 5394
5393 5392
5393 5395
5394 5395
5394 5397
5395 5393
5396 5393
5397 5396
5398 5388
5398 5390
5399 5390
5399 5392
5401 5411
5402 5410
5402 5411
5403 5410
5404 5406
5405 5404
5405 5407
5405 5412
5406 5407
5406 5409
5407 5405
5407 5406
5408 5405
5409 5408
5410 5400
5410 5402
5411 5402
5411 5404
5411 5412
5412 5403
5412 5406
5414 5424
5415 5423
5415 5424
5416 5423
5417 5416
5417 5419
5418 5417
5418 5420
5419 5420
5419 5422
5420 5418
5420 5419
5421 5418
5423 5413
5423 5415
5424 5415
5424 5417
5426 5436
5427 5435
5427 5436
5428 5435
5429 5428
5429 5431
5430 5429
5430 5432
5430 5437
5431 5432
5431 5434
5432 5430
5432 5431
5433 5430
5434 5433
5435 5425
5435 5427
5436 5427
5436 5429
5436 5437
5437 5428
5437 5431
5439 5449
5440 5448
5440 5449
5442 5441
5442 5444
5443 5442
5443 5445
5444 5445
5444 5447
5445 5443
5445 5444
5446 5443
5447 5446
5448 5438
5449 5440
5449 5442
5451 5461
5452 5460
5452 5461
5453 5460
5454 5453
5454 5456
5455 5454
5455 5457
5455 5462
5456 5457
5456 5459
5457 5455
5457 5456
5458 5455
5459 5458
5460 5450
5460 5452
5461 5452
5461 5454
5461 5462
5462 5453
5462 5456
5464 5474
5465 5473
5465 5474
5466 5473
5467 5466
5467 5469
5468 5467
5468 5470
5469 5470
5469 5472
5470 5468
5470 5469
5471 5468
5472 5471
5473 5463
5473 5465
5474 5465
5474 5467
5477 5485
5477 5486
5478 5485
5479 5478
5479 5481
5480 5479
5480 5482
5480 5487
5481 5482
5481 5484
5482 5480
5482 5481
5483 5480
5484 5483
5485 5475
5485 5477
5486 5477
5486 5479
5486 5487
5487 5478
5487 5481
5489 5499
5490 5498
5490 5499
5491 5498
5492 5491
5492 5494
5493 5492
5493 5495
5494 5495
5494 5497
5495 5493
5496 5493
5497 5496
5498 5488
5498 5490
5499 5490
5499 5492
5501 5510
5502 5509
5502 5510
5503 5509
5503 5511
5504 5503
5504 5506
5505 5506
5505 5508
5506 5504
5507 5504
5508 5507
5509 5500
5509 5502
5510 5502
5511 5503
5511 5505
5513 5522
5514 5521
5514 5522
5515 5521
5515 5523
5516 5515
5516 5518
5517 5518
5518 5517
5519 5516
5520 5519
5521 5514
5522 5514
5522 5523
5523 5515
5523 5517
5525 5534
5526 5533
5527 5533
5527 5535
5528 5527
5528 5530
5529 5530
5529 5532
5530 5528
5530 5529
5531 5528
5532 5531
5533 5524
5533 5526
5534 5526
5534 5535
5535 5527
5535 5529
5537 5546
5538 5545
5538 5546
5539 5545
5539 5547
5540 5539
5540 5542
5541 5542
5541 5544
5542 5540
5542 5541
5543 5540
5544 5543
5545 5536
5545 5538
5546 5538
5546 5547
5547 5539
5547 5541
5549 5558
5550 5557
5550 5558
5551 5557
5551 5559
5552 5551
5552 5554
5553 5554
5554 5552
5554 5553
5555 5552
5556 5555
5557 5548
5557 5550
5558 5550
5559 5551
5559 5553
5561 5570
5562 5569
5562 5570
5563 5569
5563 5571
5564 5563
5564 5566
5565 5566
5565 5568
5566 5564
5566 5565
5568 5567
5569 5560
5569 5562
5570 5562
5570 5571
5571 5563
5571 5565
5573 5582
5574 5581
5574 5582
5575 5581
5575 5583
5576 5575
5576 5578
5577 5578
5577 5580
5578 5576
5578 5577
5579 5576
5580 5579
5581 5572
5581 5574
5582 5574
5582 5583
5583 5575
5583 5577
5585 5594
5586 5593
5586 5594
5587 5593
5587 5595
5588 5587
5588 5590
5589 5590
5589 5592
5590 5588
5590 5589
5591 5588
5592 5591
5593 5584
5593 5586
5594 5586
5595 5587
5595 5589
5597 5606
5598 5605
5599 5605
5599 5607
5600 5599
5600 5602
5601 5602
5601 5604
5602 5600
5602 5601
5603 5600
5604 5603
5605 5596
5605 5598
5606 5598
5606 5607
5607 5599
5607 5601
5609 5618
5610 5617
5610 5618
5611 5619
5612 5611
5612 5614
5613 5614
5613 5616
5614 5612
5614 5613
5615 5612
5616 5615
5617 5608
5617 5610
5618 5610
5618 5619
5619 5613
5620 5627
5621 5620
5621 5622
5622 5621
5622 5624
5623 5620
5624 5623
5625 5622
5626 5625
5627 5622
5628 5622
5629 5636
5630 5629
5630 5631
5631 5630
5631 5633
5632 5629
5633 5632
5634 5631
5635 5634
5636 5631
5637 5644
5637 5645
5638 5637
5638 5639
5639 5638
5639 5641
5641 5640
5642 5639
5643 5642
5644 5639
5645 5639
5646 5653
5647 5646
5647 5648
5648 5647
5648 5650
5649 5646
5650 5649
5651 5648
5652 5651
5653 5648
5654 5661
5654 5662
5655 5654
5655 5656
5656 5655
5656 5658
5657 5654
5658 5657
5659 5656
5660 5659
5661 5656
5662 5656
5663 5670
5664 5663
5664 5665
5665 5664
5665 5667
5666 5663
5667 5666
5668 5665
5669 5668
5670 5665
5671 5678
5671 5679
5672 5671
5672 5673
5673 5672
5673 5675
5674 5671
5675 5674
5676 5673
5678 5673
5679 5673
5680 5687
5681 5680
5681 5682
5682 5681
5682 5684
5683 5680
5684 5683
5685 5682
5686 5685
5687 5682
5688 5695
5688 5696
5689 5690
5690 5689
5690 5692
5691 5688
5692 5691
5693 5690
5694 5693
5695 5690
5696 5690
5697 5704
5698 5697
5698 5699
5699 5698
5699 5701
5700 5697
5701 5700
5702 5699
5703 5702
5704 5699
5705 5712
5705 5713
5706 5705
5706 5707
5707 5706
5707 5709
5708 5705
5709 5708
5710 5707
5711 5710
5712 5707
5713 5707
5714 5721
5715 5714
5715 5716
5716 5715
5716 5718
5717 5714
5718 5717
5719 5716
5720 5719
5721 5716
5722 5729
5722 5730
5723 5722
5723 5724
5724 5723
5724 5726
5725 5722
5726 5725
5727 5724
5728 5727
5730 5724
5731 5738
5732 5731
5732 5733
5733 5732
5733 5735
5734 5731
5735 5734
5736 5733
5737 5736
5738 5733
5739 5746
5739 5747
5740 5739
5740 5741
5741 5740
5741 5743
5742 5739
5743 5742
5745 5744
5746 5741
5747 5741
5748 5755
5749 5748
5750 5749
5750 5752
5751 5748
5752 5751
5753 5750
5754 5753
5755 5750
5756 5763
5756 5764
5757 5756
5757 5758
5758 5757
5758 5760
5759 5756
5761 5758
5762 5761
5763 5758
5765 5772
5766 5765
5766 5767
5767 5766
5767 5769
5768 5765
5769 5768
5770 5767
5771 5770
5772 5767
5773 5780
5773 5781
5774 5773
5775 5774
5775 5777
5776 5773
5777 5776
5779 5778
5780 5775
5781 5775
5782 5789
5783 5782
5783 5784
5784 5783
5784 5786
5785 5782
5786 5785
5787 5784
5788 5787
5789 5784
